5.142550000000000289e-04 1.517099999999999959e-04 2.771550000000000120e-04 2.715400000000000192e-04 3.597100000000000102e-04 2.333600000000000019e-04 2.579249999999999945e-04 9.403500000000000346e-05 2.669799999999999951e-04 5.652499999999999837e-05 -3.413499999999999759e-05 -8.728999999999999943e-05 -1.146000000000000039e-05 -1.676499999999999957e-05 -7.503999999999999982e-05 -8.502500000000000671e-05 -9.574999999999999636e-05 -1.083550000000000019e-04 -9.775999999999999913e-05 -6.506500000000000131e-05 -8.342499999999999493e-05 -6.171000000000000378e-05 -5.229999999999999901e-06 -2.625999999999999930e-05 -3.038999999999999872e-05 -2.499999999999999887e-08 -8.070000000000000662e-06 -9.956499999999999964e-05 -8.105000000000000496e-05 -9.985499999999999856e-05 -7.561500000000000025e-05 -5.639499999999999792e-05 1.635000000000000016e-06 -2.116800000000000062e-04 -8.622499999999999522e-05 -1.873350000000000080e-04 -2.028649999999999898e-04 -2.298000000000000021e-05 4.760500000000000246e-05 3.041000000000000192e-04
1.517099999999999959e-04 1.125970000000000009e-03 1.153299999999999952e-04 2.046349999999999949e-04 5.524499999999999707e-05 1.468949999999999954e-04 1.456399999999999947e-04 -2.855500000000000020e-05 1.330349999999999892e-04 -1.156600000000000005e-04 -1.095999999999999942e-04 -1.408450000000000110e-04 -1.210000000000000002e-04 -6.267500000000000555e-05 -5.424000000000000246e-05 -1.145250000000000055e-04 -1.074749999999999968e-04 -1.211649999999999961e-04 -1.884850000000000089e-04 -7.836999999999999674e-05 -1.538350000000000069e-04 -8.851999999999999951e-05 1.009500000000000076e-05 -6.372500000000000397e-05 -3.210000000000000098e-05 -6.806500000000000646e-05 -5.943500000000000269e-05 -1.206699999999999949e-04 9.263999999999999394e-05 -9.357999999999999511e-05 -4.320000000000000143e-06 3.804000000000000171e-05 2.767000000000000105e-05 -1.593599999999999921e-04 -2.396800000000000091e-04 -5.653000000000000256e-05 -6.514999999999999795e-05 8.841999999999999708e-05 1.114100000000000057e-04 2.045000000000000105e-04
2.771550000000000120e-04 1.153299999999999952e-04 2.105949999999999988e-04 1.809950000000000111e-04 1.984649999999999912e-04 1.189550000000000020e-04 1.464050000000000052e-04 5.761500000000000318e-05 1.481149999999999871e-04 3.540499999999999729e-05 -2.934000000000000030e-05 -3.940499999999999965e-05 -4.819999999999999591e-06 -1.734500000000000080e-05 -5.986499999999999688e-05 -6.090000000000000307e-05 -5.522000000000000324e-05 -7.211499999999999649e-05 -4.802500000000000182e-05 -4.699999999999999724e-05 -4.271999999999999756e-05 -4.291000000000000082e-05 -9.245000000000000423e-06 -1.826999999999999957e-05 -1.900000000000000105e-05 7.400000000000000089e-07 -4.310000000000000239e-06 -6.399000000000000228e-05 -6.938500000000000060e-05 -6.735499999999999463e-05 -5.395999999999999836e-05 -4.009500000000000152e-05 5.105000000000000251e-06 -1.415649999999999905e-04 -3.358000000000000037e-05 -1.206550000000000027e-04 -1.375450000000000121e-04 -3.075000000000000205e-06 1.087450000000000032e-04 3.329650000000000079e-04
2.715400000000000192e-04 2.046349999999999949e-04 1.809950000000000111e-04 2.235799999999999973e-04 1.681399999999999995e-04 1.270850000000000072e-04 9.997500000000000418e-05 -7.700000000000000393e-07 9.744499999999999961e-05 -6.965000000000000230e-06 -4.301500000000000066e-05 -7.098999999999999625e-05 -1.272499999999999929e-05 -3.040000000000000032e-05 -7.166000000000000169e-05 -8.090000000000000132e-05 -7.723999999999999909e-05 -1.022399999999999969e-04 -9.216499999999999595e-05 -4.669000000000000190e-05 -7.671999999999999729e-05 -5.271999999999999668e-05 3.140000000000000006e-06 -2.034999999999999998e-05 -2.209500000000000106e-05 -2.884999999999999907e-06 -6.404999999999999663e-06 -7.444499999999999620e-05 -3.238999999999999990e-05 -5.933000000000000285e-05 -3.524499999999999882e-05 -7.940000000000000212e-06 2.869000000000000144e-05 -1.375199999999999979e-04 -5.126000000000000050e-05 -8.886999999999999446e-05 -1.229050000000000032e-04 5.515500000000000302e-05 9.831499999999999636e-05 2.626099999999999810e-04
3.597100000000000102e-04 5.524499999999999707e-05 1.984649999999999912e-04 1.681399999999999995e-04 4.269799999999999811e-04 1.904200000000000098e-04 3.008700000000000111e-04 1.396699999999999960e-04 2.873349999999999993e-04 2.822500000000000166e-05 -2.894500000000000154e-05 -7.312500000000000206e-05 -2.657499999999999882e-05 -2.258000000000000065e-05 -6.700000000000000226e-05 -7.241500000000000378e-05 -6.667499999999999436e-05 -8.921500000000000556e-05 -8.410499999999999519e-05 -5.047999999999999780e-05 -8.244999999999999833e-05 -5.685499999999999690e-05 -1.250000000000000060e-05 -3.146499999999999774e-05 -3.760500000000000333e-05 -1.703000000000000127e-05 -2.460999999999999985e-05 -6.995500000000000362e-05 -6.473499999999999600e-05 -6.766499999999999674e-05 -6.896999999999999865e-05 -2.307999999999999925e-05 1.824999999999999976e-05 -1.146550000000000059e-04 -4.181499999999999860e-05 -1.074850000000000051e-04 -1.507199999999999935e-04 -9.170000000000000294e-06 1.759500000000000010e-05 1.750149999999999905e-04
2.333600000000000019e-04 1.468949999999999954e-04 1.189550000000000020e-04 1.270850000000000072e-04 1.904200000000000098e-04 7.406449999999999536e-04 2.290650000000000032e-04 7.938499999999999973e-05 1.998550000000000033e-04 -7.614999999999999936e-06 -7.886499999999999793e-05 -8.035999999999999632e-05 -5.512499999999999822e-05 -1.828999999999999937e-05 -2.629000000000000071e-05 -6.240999999999999369e-05 -9.911500000000000225e-05 -6.882500000000000596e-05 -1.103499999999999989e-04 -3.102999999999999937e-05 -8.053500000000000057e-05 -6.335500000000000582e-05 1.165499999999999937e-05 -4.923499999999999871e-05 -1.852499999999999966e-05 -4.143499999999999885e-05 -2.695999999999999937e-05 -6.176999999999999982e-05 5.182000000000000191e-05 -2.746999999999999957e-05 6.524000000000000556e-05 1.136999999999999956e-05 1.350000000000000045e-07 -8.676999999999999763e-05 -1.970549999999999895e-04 -7.508500000000000363e-05 -7.085000000000000098e-05 -2.288000000000000117e-05 -9.521500000000000232e-05 -1.896699999999999916e-04
2.579249999999999945e-04 1.456399999999999947e-04 1.464050000000000052e-04 9.997500000000000418e-05 3.008700000000000111e-04 2.290650000000000032e-04 4.081700000000000172e-04 2.187500000000000046e-04 3.534499999999999990e-04 7.802499999999999920e-05 -3.872499999999999939e-05 -4.539500000000000159e-05 -5.159500000000000322e-05 1.635499999999999842e-05 -2.699500000000000158e-05 -5.913500000000000218e-05 -3.613499999999999877e-05 -3.854499999999999772e-05 -5.399000000000000316e-05 -6.141499999999999390e-05 -4.908999999999999925e-05 -4.633500000000000276e-05 -1.646499999999999906e-05 -2.254499999999999845e-05 -1.467000000000000015e-05 -1.180000000000000052e-05 -6.734999999999999891e-06 -6.541999999999999367e-05 -4.204999999999999889e-05 -7.054999999999999368e-05 -9.724999999999999216e-06 -3.339999999999999870e-05 -1.412499999999999944e-05 -1.089699999999999951e-04 -7.471500000000000548e-05 -1.186650000000000031e-04 -1.583549999999999975e-04 -1.042650000000000055e-04 1.709999999999999933e-06 7.135000000000000297e-06
9.403500000000000346e-05 -2.855500000000000020e-05 5.761500000000000318e-05 -7.700000000000000393e-07 1.396699999999999960e-04 7.938499999999999973e-05 2.187500000000000046e-04 2.096350000000000080e-04 2.019599999999999976e-04 6.933000000000000198e-05 -2.442500000000000077e-05 7.300000000000000411e-06 -3.533499999999999966e-05 2.248999999999999982e-05 -1.441999999999999916e-05 -1.898499999999999865e-05 9.065000000000000453e-06 7.184999999999999818e-06 1.606499999999999950e-05 -2.621499999999999888e-05 1.554000000000000029e-05 -8.290000000000000250e-06 -9.324999999999999657e-06 -3.809999999999999944e-06 9.950000000000000026e-07 4.164999999999999933e-06 1.682000000000000159e-05 -7.764999999999999347e-06 -4.611999999999999889e-05 -2.300000000000000002e-05 -2.502000000000000101e-05 -3.577500000000000222e-05 -2.633999999999999853e-05 -5.043999999999999818e-05 -1.097999999999999991e-05 -7.462999999999999528e-05 -8.975499999999999700e-05 -1.006199999999999955e-04 7.920000000000000404e-06 4.447499999999999685e-05
2.669799999999999951e-04 1.330349999999999892e-04 1.481149999999999871e-04 9.744499999999999961e-05 2.873349999999999993e-04 1.998550000000000033e-04 3.534499999999999990e-04 2.019599999999999976e-04 5.267650000000000023e-04 1.100949999999999954e-04 -3.324499999999999764e-05 -5.625500000000000265e-05 -1.232000000000000063e-05 3.684999999999999870e-06 -4.049000000000000027e-05 -3.791499999999999867e-05 -7.017499999999999812e-05 -6.912499999999999970e-05 -5.784999999999999669e-05 -3.791499999999999867e-05 -4.717999999999999890e-05 -4.012000000000000212e-05 4.354999999999999808e-06 -2.130500000000000015e-05 -2.609999999999999998e-06 -1.069999999999999920e-06 -1.494500000000000006e-05 -4.085999999999999843e-05 -9.956999999999999705e-05 -5.904999999999999876e-05 -4.883999999999999995e-05 -3.388000000000000088e-05 4.765000000000000118e-06 -1.129100000000000015e-04 -6.119999999999999681e-05 -1.503300000000000057e-04 -1.978100000000000051e-04 -6.692999999999999785e-05 -6.312500000000000294e-05 1.098900000000000067e-04
5.652499999999999837e-05 -1.156600000000000005e-04 3.540499999999999729e-05 -6.965000000000000230e-06 2.822500000000000166e-05 -7.614999999999999936e-06 7.802499999999999920e-05 6.933000000000000198e-05 1.100949999999999954e-04 2.694950000000000210e-04 7.559999999999999446e-05 6.678500000000000517e-05 8.004499999999999680e-05 6.915999999999999513e-05 4.042000000000000264e-05 6.703999999999999510e-05 2.337499999999999897e-05 7.244999999999999921e-05 7.079999999999999976e-05 3.010500000000000060e-05 6.609499999999999653e-05 4.456000000000000027e-05 1.985000000000000138e-05 3.698000000000000169e-05 3.042999999999999834e-05 5.226999999999999930e-05 2.474999999999999851e-05 2.139000000000000019e-05 -2.539499999999999996e-05 9.995000000000000019e-06 -1.240999999999999977e-05 -5.330000000000000129e-05 -4.708999999999999807e-05 -2.960499999999999861e-05 -5.020000000000000218e-06 -7.933999999999999592e-05 -1.532349999999999923e-04 -2.169799999999999995e-04 -3.709699999999999803e-04 -2.330900000000000062e-04
-3.413499999999999759e-05 -1.095999999999999942e-04 -2.934000000000000030e-05 -4.301500000000000066e-05 -2.894500000000000154e-05 -7.886499999999999793e-05 -3.872499999999999939e-05 -2.442500000000000077e-05 -3.324499999999999764e-05 7.559999999999999446e-05 7.807500000000000041e-05 5.661499999999999920e-05 5.610000000000000159e-05 3.584999999999999727e-05 5.364499999999999884e-05 6.618500000000000414e-05 3.634499999999999846e-05 6.705999999999999830e-05 6.094000000000000268e-05 3.244000000000000112e-05 5.192999999999999916e-05 4.505500000000000146e-05 9.049999999999999749e-06 2.752500000000000159e-05 1.605999999999999870e-05 2.417000000000000067e-05 8.029999999999999351e-06 3.045999999999999974e-05 -7.019999999999999704e-06 4.619999999999999812e-06 -1.266499999999999987e-05 -3.089500000000000151e-05 -3.169000000000000321e-05 2.563999999999999846e-05 1.449499999999999929e-05 -2.447999999999999940e-05 -3.110999999999999860e-05 -1.122149999999999954e-04 -1.672250000000000125e-04 -1.524350000000000000e-04
-8.728999999999999943e-05 -1.408450000000000110e-04 -3.940499999999999965e-05 -7.098999999999999625e-05 -7.312500000000000206e-05 -8.035999999999999632e-05 -4.539500000000000159e-05 7.300000000000000411e-06 -5.625500000000000265e-05 6.678500000000000517e-05 5.661499999999999920e-05 8.790500000000000624e-05 3.371000000000000081e-05 4.074499999999999699e-05 5.242999999999999777e-05 6.080000000000000064e-05 6.504499999999999811e-05 7.786000000000000332e-05 9.226000000000000097e-05 3.155499999999999858e-05 7.876499999999999550e-05 4.877499999999999973e-05 1.326499999999999920e-05 3.104499999999999838e-05 3.036999999999999891e-05 2.945999999999999915e-05 2.313500000000000127e-05 4.059999999999999753e-05 -1.154500000000000043e-05 1.652000000000000107e-05 -3.980000000000000010e-06 -3.388499999999999829e-05 -4.390000000000000320e-05 2.669500000000000106e-05 9.809999999999999249e-06 -1.743999999999999904e-05 -3.347500000000000052e-05 -1.263050000000000045e-04 -1.532100000000000053e-04 -1.476700000000000007e-04
-1.146000000000000039e-05 -1.210000000000000002e-04 -4.819999999999999591e-06 -1.272499999999999929e-05 -2.657499999999999882e-05 -5.512499999999999822e-05 -5.159500000000000322e-05 -3.533499999999999966e-05 -1.232000000000000063e-05 8.004499999999999680e-05 5.610000000000000159e-05 3.371000000000000081e-05 1.177950000000000064e-04 2.317500000000000088e-05 2.659999999999999943e-05 5.085000000000000273e-05 8.480000000000000124e-06 3.085500000000000189e-05 3.401499999999999874e-05 2.862999999999999863e-05 3.362499999999999739e-05 3.053000000000000077e-05 3.210000000000000183e-06 2.157499999999999926e-05 7.040000000000000359e-06 3.075000000000000205e-05 3.149999999999999910e-06 1.892499999999999922e-05 -4.015000000000000014e-05 2.364999999999999803e-06 -1.465000000000000034e-05 -3.006500000000000098e-05 -1.499000000000000048e-05 6.440000000000000174e-06 5.197500000000000297e-05 -3.025500000000000086e-05 -3.665000000000000316e-05 -4.549499999999999725e-05 -9.008500000000000231e-05 -1.444499999999999976e-05
-1.676499999999999957e-05 -6.267500000000000555e-05 -1.734500000000000080e-05 -3.040000000000000032e-05 -2.258000000000000065e-05 -1.828999999999999937e-05 1.635499999999999842e-05 2.248999999999999982e-05 3.684999999999999870e-06 6.915999999999999513e-05 3.584999999999999727e-05 4.074499999999999699e-05 2.317500000000000088e-05 4.267500000000000053e-05 4.432000000000000257e-05 4.254500000000000008e-05 3.711999999999999696e-05 5.337500000000000312e-05 4.745000000000000140e-05 1.574499999999999918e-05 4.093999999999999766e-05 2.963500000000000002e-05 9.194999999999999208e-06 2.401499999999999962e-05 2.273499999999999832e-05 2.449999999999999921e-05 2.108000000000000146e-05 1.726999999999999897e-05 -7.744999999999999538e-06 7.714999999999999826e-06 1.582499999999999841e-05 -2.318000000000000168e-05 -3.159499999999999819e-05 7.215000000000000378e-06 -1.238999999999999996e-05 -3.724999999999999741e-05 -4.716000000000000248e-05 -1.207350000000000019e-04 -1.486000000000000070e-04 -1.881499999999999926e-04
-7.503999999999999982e-05 -5.424000000000000246e-05 -5.986499999999999688e-05 -7.166000000000000169e-05 -6.700000000000000226e-05 -2.629000000000000071e-05 -2.699500000000000158e-05 -1.441999999999999916e-05 -4.049000000000000027e-05 4.042000000000000264e-05 5.364499999999999884e-05 5.242999999999999777e-05 2.659999999999999943e-05 4.432000000000000257e-05 1.227049999999999983e-04 7.537999999999999996e-05 4.708000000000000325e-05 9.239999999999999624e-05 6.670500000000000593e-05 2.359500000000000025e-05 5.504499999999999899e-05 3.855000000000000191e-05 2.750000000000000140e-07 2.010000000000000068e-05 2.565500000000000086e-05 9.995000000000000019e-06 1.925000000000000204e-06 1.948500000000000064e-05 1.292999999999999987e-05 -1.889999999999999904e-06 4.300499999999999907e-05 -3.583499999999999826e-05 -5.338499999999999794e-05 3.360500000000000097e-05 -2.526499999999999951e-05 -1.934999999999999939e-05 8.695000000000000607e-06 -1.459950000000000006e-04 -1.273000000000000043e-04 -1.956700000000000019e-04
-8.502500000000000671e-05 -1.145250000000000055e-04 -6.090000000000000307e-05 -8.090000000000000132e-05 -7.241500000000000378e-05 -6.240999999999999369e-05 -5.913500000000000218e-05 -1.898499999999999865e-05 -3.791499999999999867e-05 6.703999999999999510e-05 6.618500000000000414e-05 6.080000000000000064e-05 5.085000000000000273e-05 4.254500000000000008e-05 7.537999999999999996e-05 8.828999999999999663e-05 5.135499999999999874e-05 8.943500000000000007e-05 8.056999999999999600e-05 4.525999999999999696e-05 7.277499999999999356e-05 5.912000000000000317e-05 1.525999999999999958e-05 3.440000000000000268e-05 3.049000000000000115e-05 2.986499999999999951e-05 1.644499999999999925e-05 5.042000000000000176e-05 1.044999999999999947e-06 2.727000000000000149e-05 1.345999999999999988e-05 -3.177999999999999727e-05 -5.219499999999999747e-05 4.422000000000000014e-05 -7.349999999999999932e-06 -3.067000000000000282e-05 -1.988500000000000020e-05 -1.505900000000000066e-04 -2.319500000000000001e-04 -2.721800000000000131e-04
-9.574999999999999636e-05 -1.074749999999999968e-04 -5.522000000000000324e-05 -7.723999999999999909e-05 -6.667499999999999436e-05 -9.911500000000000225e-05 -3.613499999999999877e-05 9.065000000000000453e-06 -7.017499999999999812e-05 2.337499999999999897e-05 3.634499999999999846e-05 6.504499999999999811e-05 8.480000000000000124e-06 3.711999999999999696e-05 4.708000000000000325e-05 5.135499999999999874e-05 8.983499999999999624e-05 7.808499999999999523e-05 8.045000000000000393e-05 2.343499999999999839e-05 6.163500000000000196e-05 4.042000000000000264e-05 3.064999999999999877e-06 3.157500000000000177e-05 2.868500000000000064e-05 2.602000000000000160e-05 2.758500000000000101e-05 3.508500000000000036e-05 8.134999999999999192e-06 2.718500000000000145e-05 1.376499999999999950e-05 -9.880000000000000273e-06 -3.716999999999999818e-05 4.052999999999999989e-05 7.815000000000000562e-06 -1.085500000000000026e-05 -2.175000000000000013e-05 -1.258950000000000000e-04 -1.250649999999999961e-04 -2.095499999999999978e-04
-1.083550000000000019e-04 -1.211649999999999961e-04 -7.211499999999999649e-05 -1.022399999999999969e-04 -8.921500000000000556e-05 -6.882500000000000596e-05 -3.854499999999999772e-05 7.184999999999999818e-06 -6.912499999999999970e-05 7.244999999999999921e-05 6.705999999999999830e-05 7.786000000000000332e-05 3.085500000000000189e-05 5.337500000000000312e-05 9.239999999999999624e-05 8.943500000000000007e-05 7.808499999999999523e-05 1.317249999999999899e-04 1.061899999999999980e-04 4.080000000000000239e-05 9.343000000000000502e-05 6.281999999999999824e-05 -3.085000000000000109e-06 3.871000000000000038e-05 2.718999999999999886e-05 2.454499999999999963e-05 1.763499999999999972e-05 4.417500000000000311e-05 3.164499999999999941e-05 1.731499999999999939e-05 2.912499999999999982e-05 -4.098999999999999888e-05 -7.030999999999999598e-05 4.424000000000000333e-05 -8.729999999999999425e-06 -2.688000000000000014e-05 -2.146999999999999942e-05 -1.845999999999999876e-04 -2.179399999999999903e-04 -2.872050000000000124e-04
-9.775999999999999913e-05 -1.884850000000000089e-04 -4.802500000000000182e-05 -9.216499999999999595e-05 -8.410499999999999519e-05 -1.103499999999999989e-04 -5.399000000000000316e-05 1.606499999999999950e-05 -5.784999999999999669e-05 7.079999999999999976e-05 6.094000000000000268e-05 9.226000000000000097e-05 3.401499999999999874e-05 4.745000000000000140e-05 6.670500000000000593e-05 8.056999999999999600e-05 8.045000000000000393e-05 1.061899999999999980e-04 1.326300000000000092e-04 4.336999999999999981e-05 1.093950000000000055e-04 6.530000000000000160e-05 7.809999999999999763e-06 4.126000000000000137e-05 3.657999999999999875e-05 3.571000000000000199e-05 3.159000000000000078e-05 5.239500000000000234e-05 -2.073500000000000053e-05 1.486999999999999993e-05 -3.615000000000000117e-06 -5.892500000000000250e-05 -7.173000000000000610e-05 2.127000000000000134e-05 9.799999999999999345e-06 -4.463999999999999950e-05 -3.441999999999999910e-05 -1.578600000000000099e-04 -1.631849999999999902e-04 -1.729249999999999884e-04
-6.506500000000000131e-05 -7.836999999999999674e-05 -4.699999999999999724e-05 -4.669000000000000190e-05 -5.047999999999999780e-05 -3.102999999999999937e-05 -6.141499999999999390e-05 -2.621499999999999888e-05 -3.791499999999999867e-05 3.010500000000000060e-05 3.244000000000000112e-05 3.155499999999999858e-05 2.862999999999999863e-05 1.574499999999999918e-05 2.359500000000000025e-05 4.525999999999999696e-05 2.343499999999999839e-05 4.080000000000000239e-05 4.336999999999999981e-05 5.290500000000000253e-05 5.112500000000000264e-05 4.592000000000000080e-05 3.181999999999999689e-05 2.466499999999999848e-05 1.838500000000000101e-05 2.046999999999999883e-05 1.483000000000000031e-05 4.424999999999999816e-05 2.124500000000000073e-05 3.416500000000000239e-05 4.439999999999999841e-06 -8.919999999999999300e-06 -2.926499999999999848e-05 2.835499999999999872e-05 -2.063999999999999890e-05 -1.830000000000000055e-06 -2.612999999999999885e-05 -6.163999999999999937e-05 -2.498649999999999938e-04 -2.708499999999999970e-04
-8.342499999999999493e-05 -1.538350000000000069e-04 -4.271999999999999756e-05 -7.671999999999999729e-05 -8.244999999999999833e-05 -8.053500000000000057e-05 -4.908999999999999925e-05 1.554000000000000029e-05 -4.717999999999999890e-05 6.609499999999999653e-05 5.192999999999999916e-05 7.876499999999999550e-05 3.362499999999999739e-05 4.093999999999999766e-05 5.504499999999999899e-05 7.277499999999999356e-05 6.163500000000000196e-05 9.343000000000000502e-05 1.093950000000000055e-04 5.112500000000000264e-05 1.136799999999999958e-04 7.435999999999999956e-05 2.979999999999999929e-05 4.833499999999999716e-05 4.242999999999999864e-05 4.327999999999999897e-05 3.813499999999999995e-05 5.764999999999999861e-05 -5.185000000000000332e-06 2.237999999999999918e-05 2.569999999999999958e-06 -5.871500000000000281e-05 -8.346500000000000132e-05 5.899999999999999627e-07 -2.615499999999999946e-05 -5.106000000000000241e-05 -5.188999999999999955e-05 -1.541299999999999897e-04 -2.534149999999999988e-04 -2.540700000000000120e-04
-6.171000000000000378e-05 -8.851999999999999951e-05 -4.291000000000000082e-05 -5.271999999999999668e-05 -5.685499999999999690e-05 -6.335500000000000582e-05 -4.633500000000000276e-05 -8.290000000000000250e-06 -4.012000000000000212e-05 4.456000000000000027e-05 4.505500000000000146e-05 4.877499999999999973e-05 3.053000000000000077e-05 2.963500000000000002e-05 3.855000000000000191e-05 5.912000000000000317e-05 4.042000000000000264e-05 6.281999999999999824e-05 6.530000000000000160e-05 4.592000000000000080e-05 7.435999999999999956e-05 6.491000000000000025e-05 3.565500000000000337e-05 4.268500000000000213e-05 3.597500000000000030e-05 3.758000000000000273e-05 3.241999999999999792e-05 5.072499999999999969e-05 1.311500000000000064e-05 3.099499999999999716e-05 -6.710000000000000130e-06 -3.085500000000000189e-05 -5.628000000000000326e-05 9.700000000000000302e-06 -3.055500000000000138e-05 -3.511000000000000096e-05 -4.456499999999999768e-05 -1.220899999999999915e-04 -2.762899999999999991e-04 -2.905149999999999790e-04
-5.229999999999999901e-06 1.009500000000000076e-05 -9.245000000000000423e-06 3.140000000000000006e-06 -1.250000000000000060e-05 1.165499999999999937e-05 -1.646499999999999906e-05 -9.324999999999999657e-06 4.354999999999999808e-06 1.985000000000000138e-05 9.049999999999999749e-06 1.326499999999999920e-05 3.210000000000000183e-06 9.194999999999999208e-06 2.750000000000000140e-07 1.525999999999999958e-05 3.064999999999999877e-06 -3.085000000000000109e-06 7.809999999999999763e-06 3.181999999999999689e-05 2.979999999999999929e-05 3.565500000000000337e-05 6.535999999999999764e-05 2.657999999999999962e-05 3.334500000000000007e-05 3.134000000000000148e-05 2.996999999999999935e-05 2.964500000000000162e-05 9.109999999999999175e-06 2.712499999999999864e-05 -1.049999999999999942e-05 -5.489999999999999953e-06 -2.701000000000000059e-05 -2.470500000000000148e-05 -8.987500000000000263e-05 -2.911000000000000081e-05 -5.829499999999999667e-05 -5.256500000000000240e-05 -2.349399999999999969e-04 -2.297699999999999905e-04
-2.625999999999999930e-05 -6.372500000000000397e-05 -1.826999999999999957e-05 -2.034999999999999998e-05 -3.146499999999999774e-05 -4.923499999999999871e-05 -2.254499999999999845e-05 -3.809999999999999944e-06 -2.130500000000000015e-05 3.698000000000000169e-05 2.752500000000000159e-05 3.104499999999999838e-05 2.157499999999999926e-05 2.401499999999999962e-05 2.010000000000000068e-05 3.440000000000000268e-05 3.157500000000000177e-05 3.871000000000000038e-05 4.126000000000000137e-05 2.466499999999999848e-05 4.833499999999999716e-05 4.268500000000000213e-05 2.657999999999999962e-05 4.055500000000000050e-05 3.172000000000000123e-05 3.849500000000000328e-05 3.235000000000000028e-05 2.805999999999999901e-05 2.990000000000000172e-06 2.053499999999999905e-05 -5.049999999999999930e-06 -1.975499999999999975e-05 -3.580000000000000283e-05 -8.225000000000000025e-06 -2.186999999999999898e-05 -3.793500000000000187e-05 -5.524499999999999707e-05 -9.024999999999999819e-05 -2.051900000000000056e-04 -2.044600000000000042e-04
-3.038999999999999872e-05 -3.210000000000000098e-05 -1.900000000000000105e-05 -2.209500000000000106e-05 -3.760500000000000333e-05 -1.852499999999999966e-05 -1.467000000000000015e-05 9.950000000000000026e-07 -2.609999999999999998e-06 3.042999999999999834e-05 1.605999999999999870e-05 3.036999999999999891e-05 7.040000000000000359e-06 2.273499999999999832e-05 2.565500000000000086e-05 3.049000000000000115e-05 2.868500000000000064e-05 2.718999999999999886e-05 3.657999999999999875e-05 1.838500000000000101e-05 4.242999999999999864e-05 3.597500000000000030e-05 3.334500000000000007e-05 3.172000000000000123e-05 4.635499999999999918e-05 3.287000000000000208e-05 3.062000000000000160e-05 2.805500000000000159e-05 -1.309999999999999951e-06 2.430499999999999853e-05 3.239999999999999896e-06 -1.488999999999999974e-05 -3.783999999999999685e-05 -7.645000000000000496e-06 -4.716499999999999989e-05 -3.189000000000000130e-05 -4.758000000000000185e-05 -9.516000000000000370e-05 -1.882049999999999912e-04 -2.083999999999999969e-04
-2.499999999999999887e-08 -6.806500000000000646e-05 7.400000000000000089e-07 -2.884999999999999907e-06 -1.703000000000000127e-05 -4.143499999999999885e-05 -1.180000000000000052e-05 4.164999999999999933e-06 -1.069999999999999920e-06 5.226999999999999930e-05 2.417000000000000067e-05 2.945999999999999915e-05 3.075000000000000205e-05 2.449999999999999921e-05 9.995000000000000019e-06 2.986499999999999951e-05 2.602000000000000160e-05 2.454499999999999963e-05 3.571000000000000199e-05 2.046999999999999883e-05 4.327999999999999897e-05 3.758000000000000273e-05 3.134000000000000148e-05 3.849500000000000328e-05 3.287000000000000208e-05 4.890999999999999759e-05 3.627999999999999823e-05 2.663500000000000164e-05 -1.573000000000000017e-05 2.221499999999999991e-05 -4.150000000000000077e-06 -1.957999999999999888e-05 -3.186999999999999810e-05 -1.870500000000000133e-05 -2.005500000000000026e-05 -5.038999999999999697e-05 -7.275000000000000650e-05 -9.809000000000000444e-05 -2.076450000000000084e-04 -1.905449999999999993e-04
-8.070000000000000662e-06 -5.943500000000000269e-05 -4.310000000000000239e-06 -6.404999999999999663e-06 -2.460999999999999985e-05 -2.695999999999999937e-05 -6.734999999999999891e-06 1.682000000000000159e-05 -1.494500000000000006e-05 2.474999999999999851e-05 8.029999999999999351e-06 2.313500000000000127e-05 3.149999999999999910e-06 2.108000000000000146e-05 1.925000000000000204e-06 1.644499999999999925e-05 2.758500000000000101e-05 1.763499999999999972e-05 3.159000000000000078e-05 1.483000000000000031e-05 3.813499999999999995e-05 3.241999999999999792e-05 2.996999999999999935e-05 3.235000000000000028e-05 3.062000000000000160e-05 3.627999999999999823e-05 4.454500000000000126e-05 2.830000000000000010e-05 -6.399999999999999710e-06 2.554500000000000022e-05 -1.036000000000000076e-05 -1.561000000000000132e-05 -2.660500000000000023e-05 -1.760000000000000090e-05 -2.415000000000000087e-05 -4.617000000000000010e-05 -5.369999999999999746e-05 -7.767500000000000424e-05 -1.507550000000000025e-04 -1.749649999999999892e-04
-9.956499999999999964e-05 -1.206699999999999949e-04 -6.399000000000000228e-05 -7.444499999999999620e-05 -6.995500000000000362e-05 -6.176999999999999982e-05 -6.541999999999999367e-05 -7.764999999999999347e-06 -4.085999999999999843e-05 2.139000000000000019e-05 3.045999999999999974e-05 4.059999999999999753e-05 1.892499999999999922e-05 1.726999999999999897e-05 1.948500000000000064e-05 5.042000000000000176e-05 3.508500000000000036e-05 4.417500000000000311e-05 5.239500000000000234e-05 4.424999999999999816e-05 5.764999999999999861e-05 5.072499999999999969e-05 2.964500000000000162e-05 2.805999999999999901e-05 2.805500000000000159e-05 2.663500000000000164e-05 2.830000000000000010e-05 6.830000000000000676e-05 1.723500000000000016e-05 5.750499999999999915e-05 5.630000000000000306e-06 -3.700000000000000044e-07 -2.596499999999999958e-05 5.766000000000000021e-05 6.749999999999999959e-07 1.700000000000000029e-06 -1.572499999999999937e-05 -8.906999999999999933e-05 -2.359849999999999979e-04 -3.039049999999999846e-04
-8.105000000000000496e-05 9.263999999999999394e-05 -6.938500000000000060e-05 -3.238999999999999990e-05 -6.473499999999999600e-05 5.182000000000000191e-05 -4.204999999999999889e-05 -4.611999999999999889e-05 -9.956999999999999705e-05 -2.539499999999999996e-05 -7.019999999999999704e-06 -1.154500000000000043e-05 -4.015000000000000014e-05 -7.744999999999999538e-06 1.292999999999999987e-05 1.044999999999999947e-06 8.134999999999999192e-06 3.164499999999999941e-05 -2.073500000000000053e-05 2.124500000000000073e-05 -5.185000000000000332e-06 1.311500000000000064e-05 9.109999999999999175e-06 2.990000000000000172e-06 -1.309999999999999951e-06 -1.573000000000000017e-05 -6.399999999999999710e-06 1.723500000000000016e-05 1.523200000000000053e-04 4.500999999999999766e-05 5.603500000000000137e-05 5.071000000000000068e-05 -5.500000000000000281e-08 5.284499999999999972e-05 -6.040999999999999929e-05 6.684999999999999862e-05 2.447499999999999860e-05 -3.195500000000000152e-05 -2.230749999999999877e-04 -3.607099999999999803e-04
-9.985499999999999856e-05 -9.357999999999999511e-05 -6.735499999999999463e-05 -5.933000000000000285e-05 -6.766499999999999674e-05 -2.746999999999999957e-05 -7.054999999999999368e-05 -2.300000000000000002e-05 -5.904999999999999876e-05 9.995000000000000019e-06 4.619999999999999812e-06 1.652000000000000107e-05 2.364999999999999803e-06 7.714999999999999826e-06 -1.889999999999999904e-06 2.727000000000000149e-05 2.718500000000000145e-05 1.731499999999999939e-05 1.486999999999999993e-05 3.416500000000000239e-05 2.237999999999999918e-05 3.099499999999999716e-05 2.712499999999999864e-05 2.053499999999999905e-05 2.430499999999999853e-05 2.221499999999999991e-05 2.554500000000000022e-05 5.750499999999999915e-05 4.500999999999999766e-05 8.237499999999999651e-05 2.041500000000000020e-05 3.882500000000000182e-05 2.515000000000000061e-06 7.525499999999999692e-05 4.055000000000000139e-06 3.982499999999999902e-05 8.600000000000000246e-07 -5.517499999999999944e-05 -2.464899999999999795e-04 -3.553100000000000117e-04
-7.561500000000000025e-05 -4.320000000000000143e-06 -5.395999999999999836e-05 -3.524499999999999882e-05 -6.896999999999999865e-05 6.524000000000000556e-05 -9.724999999999999216e-06 -2.502000000000000101e-05 -4.883999999999999995e-05 -1.240999999999999977e-05 -1.266499999999999987e-05 -3.980000000000000010e-06 -1.465000000000000034e-05 1.582499999999999841e-05 4.300499999999999907e-05 1.345999999999999988e-05 1.376499999999999950e-05 2.912499999999999982e-05 -3.615000000000000117e-06 4.439999999999999841e-06 2.569999999999999958e-06 -6.710000000000000130e-06 -1.049999999999999942e-05 -5.049999999999999930e-06 3.239999999999999896e-06 -4.150000000000000077e-06 -1.036000000000000076e-05 5.630000000000000306e-06 5.603500000000000137e-05 2.041500000000000020e-05 1.915499999999999939e-04 3.799499999999999790e-05 -7.695000000000000017e-06 6.929500000000000655e-05 -2.907999999999999940e-05 4.342000000000000102e-05 2.332000000000000034e-05 -7.662500000000000582e-05 -1.186950000000000011e-04 -3.450449999999999871e-04
-5.639499999999999792e-05 3.804000000000000171e-05 -4.009500000000000152e-05 -7.940000000000000212e-06 -2.307999999999999925e-05 1.136999999999999956e-05 -3.339999999999999870e-05 -3.577500000000000222e-05 -3.388000000000000088e-05 -5.330000000000000129e-05 -3.089500000000000151e-05 -3.388499999999999829e-05 -3.006500000000000098e-05 -2.318000000000000168e-05 -3.583499999999999826e-05 -3.177999999999999727e-05 -9.880000000000000273e-06 -4.098999999999999888e-05 -5.892500000000000250e-05 -8.919999999999999300e-06 -5.871500000000000281e-05 -3.085500000000000189e-05 -5.489999999999999953e-06 -1.975499999999999975e-05 -1.488999999999999974e-05 -1.957999999999999888e-05 -1.561000000000000132e-05 -3.700000000000000044e-07 5.071000000000000068e-05 3.882500000000000182e-05 3.799499999999999790e-05 8.640499999999999689e-05 7.069000000000000251e-05 7.368999999999999411e-05 2.933499999999999950e-05 8.839499999999999647e-05 3.746999999999999870e-05 7.490999999999999937e-05 3.009999999999999980e-05 -5.821499999999999743e-05
1.635000000000000016e-06 2.767000000000000105e-05 5.105000000000000251e-06 2.869000000000000144e-05 1.824999999999999976e-05 1.350000000000000045e-07 -1.412499999999999944e-05 -2.633999999999999853e-05 4.765000000000000118e-06 -4.708999999999999807e-05 -3.169000000000000321e-05 -4.390000000000000320e-05 -1.499000000000000048e-05 -3.159499999999999819e-05 -5.338499999999999794e-05 -5.219499999999999747e-05 -3.716999999999999818e-05 -7.030999999999999598e-05 -7.173000000000000610e-05 -2.926499999999999848e-05 -8.346500000000000132e-05 -5.628000000000000326e-05 -2.701000000000000059e-05 -3.580000000000000283e-05 -3.783999999999999685e-05 -3.186999999999999810e-05 -2.660500000000000023e-05 -2.596499999999999958e-05 -5.500000000000000281e-08 2.515000000000000061e-06 -7.695000000000000017e-06 7.069000000000000251e-05 1.086900000000000046e-04 4.607500000000000186e-05 8.744000000000000307e-05 6.889999999999999424e-05 3.639000000000000226e-05 1.378549999999999871e-04 2.450250000000000062e-04 2.788700000000000185e-04
-2.116800000000000062e-04 -1.593599999999999921e-04 -1.415649999999999905e-04 -1.375199999999999979e-04 -1.146550000000000059e-04 -8.676999999999999763e-05 -1.089699999999999951e-04 -5.043999999999999818e-05 -1.129100000000000015e-04 -2.960499999999999861e-05 2.563999999999999846e-05 2.669500000000000106e-05 6.440000000000000174e-06 7.215000000000000378e-06 3.360500000000000097e-05 4.422000000000000014e-05 4.052999999999999989e-05 4.424000000000000333e-05 2.127000000000000134e-05 2.835499999999999872e-05 5.899999999999999627e-07 9.700000000000000302e-06 -2.470500000000000148e-05 -8.225000000000000025e-06 -7.645000000000000496e-06 -1.870500000000000133e-05 -1.760000000000000090e-05 5.766000000000000021e-05 5.284499999999999972e-05 7.525499999999999692e-05 6.929500000000000655e-05 7.368999999999999411e-05 4.607500000000000186e-05 1.922600000000000058e-04 1.032450000000000051e-04 1.379349999999999999e-04 1.028199999999999947e-04 -1.061999999999999996e-05 -6.680499999999999481e-05 -2.934149999999999953e-04
-8.622499999999999522e-05 -2.396800000000000091e-04 -3.358000000000000037e-05 -5.126000000000000050e-05 -4.181499999999999860e-05 -1.970549999999999895e-04 -7.471500000000000548e-05 -1.097999999999999991e-05 -6.119999999999999681e-05 -5.020000000000000218e-06 1.449499999999999929e-05 9.809999999999999249e-06 5.197500000000000297e-05 -1.238999999999999996e-05 -2.526499999999999951e-05 -7.349999999999999932e-06 7.815000000000000562e-06 -8.729999999999999425e-06 9.799999999999999345e-06 -2.063999999999999890e-05 -2.615499999999999946e-05 -3.055500000000000138e-05 -8.987500000000000263e-05 -2.186999999999999898e-05 -4.716499999999999989e-05 -2.005500000000000026e-05 -2.415000000000000087e-05 6.749999999999999959e-07 -6.040999999999999929e-05 4.055000000000000139e-06 -2.907999999999999940e-05 2.933499999999999950e-05 8.744000000000000307e-05 1.032450000000000051e-04 2.918899999999999989e-04 9.673000000000000391e-05 7.744500000000000136e-05 1.257200000000000093e-04 3.441100000000000105e-04 4.009050000000000114e-04
-1.873350000000000080e-04 -5.653000000000000256e-05 -1.206550000000000027e-04 -8.886999999999999446e-05 -1.074850000000000051e-04 -7.508500000000000363e-05 -1.186650000000000031e-04 -7.462999999999999528e-05 -1.503300000000000057e-04 -7.933999999999999592e-05 -2.447999999999999940e-05 -1.743999999999999904e-05 -3.025500000000000086e-05 -3.724999999999999741e-05 -1.934999999999999939e-05 -3.067000000000000282e-05 -1.085500000000000026e-05 -2.688000000000000014e-05 -4.463999999999999950e-05 -1.830000000000000055e-06 -5.106000000000000241e-05 -3.511000000000000096e-05 -2.911000000000000081e-05 -3.793500000000000187e-05 -3.189000000000000130e-05 -5.038999999999999697e-05 -4.617000000000000010e-05 1.700000000000000029e-06 6.684999999999999862e-05 3.982499999999999902e-05 4.342000000000000102e-05 8.839499999999999647e-05 6.889999999999999424e-05 1.379349999999999999e-04 9.673000000000000391e-05 2.293899999999999976e-04 1.830350000000000119e-04 1.968799999999999988e-04 1.410449999999999887e-04 5.219999999999999997e-06
-2.028649999999999898e-04 -6.514999999999999795e-05 -1.375450000000000121e-04 -1.229050000000000032e-04 -1.507199999999999935e-04 -7.085000000000000098e-05 -1.583549999999999975e-04 -8.975499999999999700e-05 -1.978100000000000051e-04 -1.532349999999999923e-04 -3.110999999999999860e-05 -3.347500000000000052e-05 -3.665000000000000316e-05 -4.716000000000000248e-05 8.695000000000000607e-06 -1.988500000000000020e-05 -2.175000000000000013e-05 -2.146999999999999942e-05 -3.441999999999999910e-05 -2.612999999999999885e-05 -5.188999999999999955e-05 -4.456499999999999768e-05 -5.829499999999999667e-05 -5.524499999999999707e-05 -4.758000000000000185e-05 -7.275000000000000650e-05 -5.369999999999999746e-05 -1.572499999999999937e-05 2.447499999999999860e-05 8.600000000000000246e-07 2.332000000000000034e-05 3.746999999999999870e-05 3.639000000000000226e-05 1.028199999999999947e-04 7.744500000000000136e-05 1.830350000000000119e-04 4.757300000000000005e-04 2.202150000000000049e-04 3.920250000000000015e-04 2.337600000000000116e-04
-2.298000000000000021e-05 8.841999999999999708e-05 -3.075000000000000205e-06 5.515500000000000302e-05 -9.170000000000000294e-06 -2.288000000000000117e-05 -1.042650000000000055e-04 -1.006199999999999955e-04 -6.692999999999999785e-05 -2.169799999999999995e-04 -1.122149999999999954e-04 -1.263050000000000045e-04 -4.549499999999999725e-05 -1.207350000000000019e-04 -1.459950000000000006e-04 -1.505900000000000066e-04 -1.258950000000000000e-04 -1.845999999999999876e-04 -1.578600000000000099e-04 -6.163999999999999937e-05 -1.541299999999999897e-04 -1.220899999999999915e-04 -5.256500000000000240e-05 -9.024999999999999819e-05 -9.516000000000000370e-05 -9.809000000000000444e-05 -7.767500000000000424e-05 -8.906999999999999933e-05 -3.195500000000000152e-05 -5.517499999999999944e-05 -7.662500000000000582e-05 7.490999999999999937e-05 1.378549999999999871e-04 -1.061999999999999996e-05 1.257200000000000093e-04 1.968799999999999988e-04 2.202150000000000049e-04 6.402450000000000068e-04 8.075099999999999986e-04 9.193750000000000533e-04
4.760500000000000246e-05 1.114100000000000057e-04 1.087450000000000032e-04 9.831499999999999636e-05 1.759500000000000010e-05 -9.521500000000000232e-05 1.709999999999999933e-06 7.920000000000000404e-06 -6.312500000000000294e-05 -3.709699999999999803e-04 -1.672250000000000125e-04 -1.532100000000000053e-04 -9.008500000000000231e-05 -1.486000000000000070e-04 -1.273000000000000043e-04 -2.319500000000000001e-04 -1.250649999999999961e-04 -2.179399999999999903e-04 -1.631849999999999902e-04 -2.498649999999999938e-04 -2.534149999999999988e-04 -2.762899999999999991e-04 -2.349399999999999969e-04 -2.051900000000000056e-04 -1.882049999999999912e-04 -2.076450000000000084e-04 -1.507550000000000025e-04 -2.359849999999999979e-04 -2.230749999999999877e-04 -2.464899999999999795e-04 -1.186950000000000011e-04 3.009999999999999980e-05 2.450250000000000062e-04 -6.680499999999999481e-05 3.441100000000000105e-04 1.410449999999999887e-04 3.920250000000000015e-04 8.075099999999999986e-04 2.694919999999999954e-03 2.837384999999999994e-03
